image: apr.pgm
resolution: 0.030000
origin: [-6.990000, -6.990000, 0.000000]
negate: 0
occupied_thresh: 0.65
free_thresh: 0.196

